0
-15320
-19603
-23001
-1711
7691
41314
41178
63620
38136
46722
7715
24001
-4631
36316
22471
77683
57903
103174
59382
88551
29609
62418
12668
68184
35456
106364
71944
133857
77737
121165
49032
91543
27659
90080
45503
123785
82142
152251
91961
141313
64730
108411
39186
99416
51564
127687
87459
156325
100949
147183
75587
111539
46237
95122
52759
117380
87054
145658
103818
138592
80713
101071
48036
77766
48470
93820
80387
121475
100008
116981
79555
78736
44149
49457
38443
59472
67313
86480
89384
85212
71994
47611
34586
13575
22889
18010
48184
44512
72331
47203
58440
11722
19886
-25650
2556
-26135
23912
85
49813
7439
39881
-24452
1154
-63657
-21242
-68305
-4015
-42157
23376
-29565
17875
-56522
-19957
-96091
-46664
-104152
-33590
-77968
-4920
-59791
-5529
-80705
-41345
-119312
-71451
-130128
-62407
-103978
-32642
-80166
-27946
-94248
-60622
-130792
-93115
-143866
-87872
-118042
-57196
-88886
-46879
-95715
-75354
-129374
-109183
-144402
-107452
-119428
-76096
-85568
-59994
-85108
-83338
-115354
-117479
-132227
-118970
-108838
-87256
-71230
-65406
-63808
-82887
-90390
-116419
-109162
-120888
-88254
-89268
-48109
-61952
-34361
-73095
-57258
-105250
-78088
-112547
-60638
-81629
-19336
-49401
-128
-54025
-19485
-84237
-42567
-94330
-29542
-64881
11467
-28574
35131
-26807
19085
-54726
-6400
-67702
1335
-40637
40637
-1335
67702
6400
54726
-19085
26807
-35131
28574
-11467
64881
29542
94330
42567
84237
19485
54025
128
49401
19336
81629
60638
112547
78088
105250
57258
73095
34361
61952
48109
89268
88254
120888
109162
116419
90390
82887
63808
65406
71230
87256
108838
118970
132227
117479
115354
83338
85108
59994
85568
76096
119428
107452
144402
109183
129374
75354
95715
46879
88886
57196
118042
87872
143866
93115
130792
60622
94248
27946
80166
32642
103978
62407
130128
71451
119312
41345
80705
5529
59791
4920
77968
33590
104152
46664
96091
19957
56522
-17875
29565
-23376
42157
4015
68305
21242
63657
-1154
24452
-39881
-7439
-49813
-85
-23912
26135
-2556
25650
-19886
-11722
-58440
-47203
-72331
-44512
-48184
-18010
-22889
-13575
-34586
-47611
-71994
-85212
-89384
-86480
-67313
-59472
-38443
-49457
-44149
-78736
-79555
-116981
-100008
-121475
-80387
-93820
-48470
-77766
-48036
-101071
-80713
-138592
-103818
-145658
-87054
-117380
-52759
-95122
-46237
-111539
-75587
-147183
-100949
-156325
-87459
-127687
-51564
-99416
-39186
-108411
-64730
-141313
-91961
-152251
-82142
-123785
-45503
-90080
-27659
-91543
-49032
-121165
-77737
-133857
-71944
-106364
-35456
-68184
-12668
-62418
-29609
-88551
-59382
-103174
-57903
-77683
-22471
-36316
4631
-24001
-7715
-46722
-38136
-63620
-41178
-41314
-7691
1711
23001
19603
15320
0
