99980000                        
99980000                        
99980000                        
99980000                        
99980000                        
99980000                        
99980000                        
99980000                        
99980000                        
99980000                        
99980000                        
99980000                        
99980000                        
99980000                        
99980000                        
99980000                        
99980000                        
99980000                        
99980000                        
99980000                        
99980000                        
99980000                        
99980000                        
99980000                        
99980000                        
98020000                        
95100000                        
89420000                        
79700000                        
65320000                        
46500000                        
24200000                        
0                               
-24200000                       
-46500000                       
-65320000                       
-79700000                       
-89420000                       
-95100000                       
-98020000                       
-99980000                       
-99980000                       
-99980000                       
-99980000                       
-99980000                       
-99980000                       
-99980000                       
-99980000                       
-99980000                       
-99980000                       
-99980000                       
-99980000                       
-99980000                       
-99980000                       
-99980000                       
-99980000                       
-99980000                       
-99980000                       
-99980000                       
-99980000                       
-99980000                       
-99980000                       
-99980000                       
-99980000                       
-99980000                       
-98020000                       
-95100000                       
-89420000                       
-79700000                       
-65320000                       
-46500000                       
-24200000                       
0                               
24200000                        
46500000                        
65320000                        
79700000                        
89420000                        
95100000                        
98020000                        
99980000                        
99980000                        
99980000                        
99980000                        
99980000                        
99980000                        
99980000                        
99980000                        
99980000                        
99980000                        
99980000                        
99980000                        
99980000                        
99980000                        
99980000                        
99980000                        
99980000                        
99980000                        
99980000                        
99980000                        
99980000                        
99980000                        
99980000                        
99980000                        
99980000                        
98020000                        
95100000                        
89420000                        
79700000                        
65320000                        
46500000                        
24200000                        
0                               
-24200000                       
-46500000                       
-65320000                       
-79700000                       
-89420000                       
-95100000                       
-98020000                       
-99980000                       
-99980000                       
-99980000                       
-99980000                       
-99980000                       
-99980000                       
-99980000                       
-99980000                       
-99980000                       
-99980000                       
-99980000                       
-99980000                       
-99980000                       
-99980000                       
-99980000                       
-99980000                       
-99980000                       
-99980000                       
-99980000                       
-99980000                       
-99980000                       
-99980000                       
-99980000                       
-99980000                       
-99980000                       
-98020000                       
-95100000                       
-89420000                       
-79700000                       
-65320000                       
-46500000                       
-24200000                       
0                               
24200000                        
46500000                        
65320000                        
79700000                        
89420000                        
95100000                        
98020000                        
99980000                        
99980000                        
99980000                        
99980000                        
99980000                        
99980000                        
99980000                        
99980000                        
99980000                        
99980000                        
99980000                        
99980000                        
99980000                        
99980000                        
99980000                        
99980000                        
99980000                        
99980000                        
99980000                        
99980000                        
99980000                        
99980000                        
99980000                        
99980000                        
99980000                        
98020000                        
95100000                        
89420000                        
79700000                        
65320000                        
46500000                        
24200000                        
0                               
-24200000                       
-46500000                       
-65320000                       
-79700000                       
-89420000                       
-95100000                       
-98020000                       
-99980000                       
-99980000                       
-99980000                       
-99980000                       
-99980000                       
-99980000                       
-99980000                       
-99980000                       
-99980000                       
-99980000                       
-99980000                       
-99980000                       
-99980000                       
-99980000                       
-99980000                       
-99980000                       
-99980000                       
-99980000                       
-99980000                       
-99980000                       
-99980000                       
-99980000                       
-99980000                       
-99980000                       
-99980000                       
-98020000                       
-95100000                       
-89420000                       
-79700000                       
-65320000                       
-46500000                       
-24200000                       
0                               
24200000                        
46500000                        
65320000                        
79700000                        
89420000                        
95100000                        
98020000                        
99980000                        
99980000                        
99980000                        
99980000                        
99980000                        
99980000                        
99980000                        
99980000                        
99980000                        
99980000                        
99980000                        
99980000                        
99980000                        
99980000                        
99980000                        
99980000                        
99980000                        
99980000                        
99980000                        
99980000                        
99980000                        
99980000                        
99980000                        
99980000                        
99980000                        
98020000                        
95100000                        
89420000                        
79700000                        
65320000                        
46500000                        
24200000                        
0                               
-24200000                       
-46500000                       
-65320000                       
-79700000                       
-89420000                       
-95100000                       
-98020000                       
-99980000                       
-99980000                       
-99980000                       
-99980000                       
-99980000                       
-99980000                       
-99980000                       
-99980000                       
-99980000                       
-99980000                       
-99980000                       
-99980000                       
-99980000                       
-99980000                       
-99980000                       
-99980000                       
-99980000                       
-99980000                       
-99980000                       
-99980000                       
-99980000                       
-99980000                       
-99980000                       
-99980000                       
-99980000                       
-98020000                       
-95100000                       
-89420000                       
-79700000                       
-65320000                       
-46500000                       
-24200000                       
0                               
24200000                        
46500000                        
65320000                        
79700000                        
89420000                        
95100000                        
98020000                        
99980000                        
99980000                        
99980000                        
99980000                        
99980000                        
99980000                        
99980000                        
99980000                        
99980000                        
99980000                        
99980000                        
99980000                        
99980000                        
99980000                        
99980000                        
99980000                        
99980000                        
99980000                        
99980000                        
99980000                        
99980000                        
99980000                        
99980000                        
99980000                        
99980000                        
98020000                        
95100000                        
89420000                        
79700000                        
65320000                        
46500000                        
24200000                        
0                               
-24200000                       
-46500000                       
-65320000                       
-79700000                       
-89420000                       
-95100000                       
-98020000                       
-99980000                       
-99980000                       
-99980000                       
-99980000                       
-99980000                       
-99980000                       
-99980000                       
-99980000                       
-99980000                       
-99980000                       
-99980000                       
-99980000                       
-99980000                       
-99980000                       
-99980000                       
-99980000                       
-99980000                       
-99980000                       
-99980000                       
-99980000                       
-99980000                       
-99980000                       
-99980000                       
-99980000                       
-98020000                       
-96080000                       
-91860000                       
-84980000                       
-75460000                       
-63830000                       
-50940000                       
-37890000                       
-25790000                       
-15590000                       
-7920000                        
-2950000                        
-420000                         
400000                          
480000                          
980000                          
0                               
0                               
0                               
0                               
0                               
0                               
0                               
0                               
0                               
0                               
0                               
0                               
0                               
0                               
0                               
0                               
0                               
0                               
0                               
0                               
0                               
0                               
0                               
0                               
0                               
0                               
0                               
0                               
0                               
0                               
0                               
0                               
0                               
0                               
0                               
0                               
0                               
0                               
0                               
0                               
0                               
0                               
0                               
0                               
0                               
0                               
0                               
0                               
0                               
0                               
0                               
0                               
0                               
0                               
0                               
0                               
0                               
0                               
0                               
0                               
0                               
0                               
0                               
0                               
0                               
0                               
0                               
0                               
0                               
0                               
0                               
0                               
0                               
0                               
0                               
0                               
0                               
0                               
0                               
0                               
0                               
0                               
0                               
0                               
0                               
0                               
0                               
0                               
0                               
0                               
0                               
0                               
0                               
