818290134                       
818185627                       
818311326                       
816565329                       
814823904                       
810792040                       
806871040                       
800703092                       
795151335                       
787614686                       
781129880                       
772621606                       
765148000                       
755207710                       
746042312                       
734012719                       
722778736                       
708736192                       
695930780                       
680649662                       
667037964                       
651035776                       
636696107                       
619627506                       
603915756                       
585119988                       
567600184                       
547074478                       
528179191                       
506684709                       
487227821                       
465386952                       
445575627                       
423159365                       
402417220                       
378768641                       
356604757                       
331635577                       
308404509                       
282840593                       
259383554                       
233932597                       
210575986                       
185122500                       
161363484                       
135259771                       
110556305                       
83622432                        
58237706                        
31141516                        
5920736                         
-20567330                       
-45191829                       
-71079907                       
-95534166                       
-121456284                      
-146329595                      
-172562451                      
-197695464                      
-223651302                      
-248219046                      
-273088819                      
-296569008                      
-320261999                      
-343002736                      
-366135197                      
-388768636                      
-411716950                      
-434198134                      
-456474718                      
-478022837                      
-498804437                      
-518824995                      
-537931812                      
-556695212                      
-574721048                      
-592896686                      
-610317448                      
-627982631                      
-644427899                      
-660868408                      
-675523927                      
-690091511                      
-702698481                      
-715586754                      
-726710653                      
-738618936                      
-748831291                      
-759963391                      
-769023523                      
-778751590                      
-785875404                      
-793515669                      
-798374736                      
-804044957                      
-807168934                      
-811588783                      
-813636670                      
-817136458                      
-818004902                      
-820059434                      
-819012459                      
-818919411                      
-815567319                      
-813369068                      
-808196236                      
-804620785                      
-798361132                      
-793860599                      
-786550297                      
-780714150                      
-771679696                      
-763802137                      
-752599434                      
-742647141                      
-729704081                      
-718398791                      
-704507460                      
-692413621                      
-677746517                      
-664575603                      
-648532156                      
-633587586                      
-615674740                      
-598846288                      
-579422875                      
-561409230                      
-541305253                      
-522768992                      
-502284943                      
-483061993                      
-461677052                      
-441090384                      
-418266701                      
-396127186                      
-372141420                      
-349106102                      
-324803155                      
-301614501                      
-277410157                      
-254026470                      
-229483186                      
-205254800                      
-179793560                      
-154450181                      
-128252464                      
-102389884                      
-76290945                       
-50709960                       
-25224809                       
0                               
25224809                        
50709960                        
76290945                        
102389884                       
128252464                       
154450181                       
179793560                       
205254800                       
229483186                       
254026470                       
277410157                       
301614501                       
324803155                       
349106102                       
372141420                       
396127186                       
418266701                       
441090384                       
461677052                       
483061993                       
502284943                       
522768992                       
541305253                       
561409230                       
579422875                       
598846288                       
615674740                       
633587586                       
648532156                       
664575603                       
677746517                       
692413621                       
704507460                       
718398791                       
729704081                       
742647141                       
752599434                       
763802137                       
771679696                       
780714150                       
786550297                       
793860599                       
798361132                       
804620785                       
808196236                       
813369068                       
815567319                       
818919411                       
819012459                       
820059434                       
818004902                       
817136458                       
813636670                       
811588783                       
807168934                       
804044957                       
798374736                       
793515669                       
785875404                       
778751590                       
769023523                       
759963391                       
748831291                       
738618936                       
726710653                       
715586754                       
702698481                       
690091511                       
675523927                       
660868408                       
644427899                       
627982631                       
610317448                       
592896686                       
574721048                       
556695212                       
537931812                       
518824995                       
498804437                       
478022837                       
456474718                       
434198134                       
411716950                       
388768636                       
366135197                       
343002736                       
320261999                       
296569008                       
273088819                       
248219046                       
223651302                       
197695464                       
172562451                       
146329595                       
121456284                       
95534166                        
71079907                        
45191829                        
20567330                        
-5920736                        
-31141516                       
-58237706                       
-83622432                       
-110556305                      
-135259771                      
-161363484                      
-185122500                      
-210575986                      
-233932597                      
-259383554                      
-282840593                      
-308404509                      
-331635577                      
-356604757                      
-378768641                      
-402417220                      
-423159365                      
-445575627                      
-465386952                      
-487227821                      
-506684709                      
-528179191                      
-547074478                      
-567600184                      
-585119988                      
-603915756                      
-619627506                      
-636696107                      
-651035776                      
-667037964                      
-680649662                      
-695930780                      
-708736192                      
-722778736                      
-734012719                      
-746042312                      
-755207710                      
-765148000                      
-772621606                      
-781129880                      
-787614686                      
-795151335                      
-800703092                      
-806871040                      
-810792040                      
-814823904                      
-816565329                      
-818311326                      
-818185627                      
-818290134                      
-816817422                      
-815555742                      
-813025608                      
-810674515                      
-807024441                      
-803200964                      
-797887590                      
-792100225                      
-784864975                      
-777198558                      
-768476435                      
-759590700                      
-750038556                      
-740358803                      
-730059082                      
-719338870                      
-707825993                      
-695587797                      
-682591384                      
-668900652                      
-654833227                      
-640340127                      
-625898342                      
-611159402                      
-596587485                      
-581481344                      
-566386840                      
-550452035                      
-534523112                      
-517750985                      
-501316152                      
-484327640                      
-468118977                      
-451526666                      
-435868375                      
-419637451                      
-404178235                      
-387827926                      
-372172050                      
-355586553                      
-339967272                      
-323685400                      
-308801004                      
-293471713                      
-279685580                      
-265320034                      
-252306415                      
-238378281                      
-225640403                      
-211900735                      
-199516126                      
-186396519                      
-174999133                      
-163110764                      
-153090031                      
-142483697                      
-133507536                      
-123633924                      
-115129232                      
-105595401                      
-97504208                       
-88621421                       
-81471766                       
-73808062                       
-67985786                       
-61609729                       
-56814482                       
-51162115                       
-46754898                       
-41349689                       
-37147918                       
-32180364                       
-28644644                       
-24648310                       
-22171705                       
-19259415                       
-17595610                       
-15233564                       
-13718580                       
-11356174                       
-9735093                        
-7471522                        
-6127245                        
-4477382                        
-3845564                        
-3002460                        
-2930486                        
-2436226                        
-2320507                        
-1619931                        
-1124210                        
-224865                         
304251                          
867724                          
929448                          
884180                          
523845                          
229800                          
0                               
0                               
0                               
0                               
0                               
0                               
0                               
0                               
0                               
0                               
