-180510550                      
-151318831                      
-29801216                       
144516003                       
324961195                       
450429018                       
491905488                       
439027921                       
327682126                       
203299646                       
127540800                       
132773650                       
232859695                       
395833504                       
577391744                       
715724593                       
774955578                       
737900636                       
632132191                       
500683311                       
404905487                       
384089166                       
458372288                       
604794820                       
781537245                       
928082956                       
1001674444                      
979380434                       
879201470                       
741592099                       
625708513                       
577607400                       
622701947                       
748078601                       
914681942                       
1065034761                      
1149859538                      
1141405318                      
1047305960                      
905028686                       
769979692                       
694405549                       
708175533                       
808949892                       
960987246                       
1111208701                      
1204630819                      
1209378683                      
1122472631                      
977705719                       
825586314                       
723496602                       
705208624                       
778936776                       
913073369                       
1059856700                      
1159887048                      
1177584843                      
1099661276                      
955279177                       
789357245                       
662912501                       
613317130                       
658762085                       
772853282                       
913626669                       
1018958962                      
1049754263                      
983238329                       
842768400                       
667383997                       
519878610                       
441136864                       
458268112                       
551334084                       
684285592                       
794263871                       
838661446                       
786465853                       
653964671                       
474346159                       
310082723                       
205600595                       
195529619                       
267644427                       
391656085                       
506114704                       
564873529                       
530187827                       
410043637                       
232013944                       
56103188                        
-69724133                       
-104907067                      
-52821947                       
61719859                        
180786138                       
254743113                       
240730566                       
137422419                       
-32943892                       
-214862737                      
-356981901                      
-414418025                      
-380858196                      
-275901610                      
-152064182                      
-62189903                       
-52700353                       
-134886406                      
-291638397                      
-473697039                      
-626755719                      
-703085599                      
-686261498                      
-590793520                      
-462242149                      
-356073682                      
-320911248                      
-378177477                      
-515874718                      
-692313074                      
-851015620                      
-942636403                      
-940743176                      
-854667608                      
-721940193                      
-599661794                      
-537585228                      
-566905152                      
-680953264                      
-846430103                      
-1005875557                     
-1109236102                     
-1120718475                     
-1044139768                     
-908430738                      
-770962155                      
-681882184                      
-681242245                      
-768162041                      
-918048166                      
-1073995757                     
-1185827212                     
-1209553309                     
-1142926130                     
-1006208596                     
-855355758                      
-740472098                      
-709064718                      
-766676942                      
-897274717                      
-1046315082                     
-1163816337                     
-1199195033                     
-1143440187                     
-1008492828                     
-847004674                      
-708818258                      
-647139661                      
-674642565                      
-783340529                      
-922998560                      
-1043971304                     
-1090953023                     
-1047482684                     
-917826885                      
-749380409                      
-591616873                      
-501483813                      
-499426927                      
-584763739                      
-713466923                      
-836334485                      
-895341165                      
-866019747                      
-745749320                      
-574845327                      
-402274930                      
-286740693                      
-256887623                      
-318527152                      
-435527141                      
-559317150                      
-631090619                      
-618106436                      
-511639490                      
-343408527                      
-161589550                      
-24776657                       
30114538                        
-8488854                        
-113665423                      
-237882943                      
-323266913                      
-328940852                      
-240738480                      
-80685671                       
104378690                       
257530689                       
333970625                       
316930163                       
223283428                       
98838856                        
-847410                         
-27394912                       
38369075                        
184677811                       
366883419                       
530929628                       
625016528                       
627500270                       
544928265                       
420376418                       
306090700                       
256834430                       
296595321                       
423877000                       
597388449                       
766723784                       
874452444                       
894134505                       
822250121                       
697856384                       
569306353                       
496160734                       
507257574                       
610856674                       
770420561                       
939622806                       
1057175591                      
1091715575                      
1030404947                      
906807182                       
765128888                       
667802445                       
648699394                       
724893968                       
866127022                       
1030268757                      
1154229798                      
1201521245                      
1151095713                      
1029493599                      
876752572                       
756043340                       
706479324                       
752724338                       
872298264                       
1027212334                      
1154738189                      
1213104031                      
1174368226                      
1056614498                      
895805638                       
753707825                       
674759839                       
689852923                       
785596656                       
928058598                       
1056962851                      
1125270225                      
1099507852                      
988161931                       
823164770                       
662879782                       
556916292                       
541058838                       
611964371                       
739776627                       
868522421                       
946217414                       
935117269                       
833371609                       
668778920                       
494625721                       
365173752                       
319934139                       
366091459                       
478079026                       
605696128                       
692731409                       
698218618                       
609751809                       
450656616                       
267888615                       
119416525                       
47572048                        
70004633                        
165894362                       
291830236                       
388533696                       
412572692                       
341326380                       
193041826                       
7562620                         
-154793682                      
-249490275                      
-249042180                      
-168800220                      
-44849110                       
62009342                        
106344349                       
56209184                        
-76053776                       
-258022465                      
-428766502                      
-541893857                      
-561212137                      
-495692803                      
-374005291                      
-256599918                      
-190675133                      
-216168152                      
-327613208                      
-499920568                      
-673527557                      
-800342086                      
-836990329                      
-785074691                      
-666099655                      
-538116873                      
-449998564                      
-448014112                      
-534555594                      
-691490065                      
-862710063                      
-998496152                      
-1050051287                     
-1010690485                     
-895227603                      
-757249169                      
-647212778                      
-615905737                      
-674423252                      
-811072127                      
-975193351                      
-1115578835                     
-1179848580                     
-1152314364                     
-1041628637                     
-895032017                      
-764365107                      
-703123387                      
-731646198                      
-844172091                      
-997237903                      
-1138461233                     
-1213616987                     
-1197670747                     
-1093578256                     
-940670733                      
-791716431                      
-701294001                      
-699105811                      
-784936921                      
-923869361                      
-1062956840                     
-1147621402                     
-1143602042                     
-1048449255                     
-892486895                      
-728628170                      
-611191553                      
-578867253                      
-636805858                      
-759469945                      
-894307568                      
-987560018                      
-996390487                      
-912988639                      
-758091984                      
-583633288                      
-442683566                      
-382001787                      
-412176506                      
-517360209                      
-646682083                      
-748001594                      
-771075702                      
-702547366                      
-553523438                      
-373508866                      
-213695221                      
-127505758                      
-131255742                      
-218567465                      
-341826109                      
-450974212                      
-489974832                      
-439560153                      
-301638028                      
-121604100                      
51548585                        
159533758                       
179899723                       
115651313                       
36936520                        
0                               
0                               
0                               
0                               
0                               
0                               
0                               
0                               
0                               
0                               
0                               
0                               
0                               
0                               
0                               
0                               
0                               
0                               
0                               
0                               
0                               
0                               
0                               
0                               
0                               
0                               
0                               
0                               
0                               
0                               
0                               
0                               
0                               
0                               
0                               
0                               
0                               
0                               
0                               
0                               
0                               
0                               
0                               
0                               
0                               
0                               
0                               
0                               
0                               
0                               
0                               
0                               
0                               
0                               
0                               
0                               
0                               
0                               
0                               
0                               
0                               
0                               
0                               
0                               
0                               
0                               
0                               
0                               
0                               
0                               
0                               
0                               
0                               
0                               
0                               
0                               
0                               
0                               
0                               
0                               
0                               
0                               
0                               
0                               
0                               
0                               
0                               
0                               
0                               
0                               
0                               
0                               
0                               
0                               
0                               
0                               
0                               
0                               
0                               
0                               
0                               
0                               
0                               
0                               
0                               
0                               
