269782957                       
297285647                       
308945435                       
317685072                       
325048708                       
345106217                       
375240139                       
420695599                       
469542253                       
519606065                       
557235598                       
583701673                       
593933611                       
598489277                       
600255343                       
612090052                       
634161804                       
671050876                       
713702810                       
758260067                       
792790790                       
815434400                       
822183081                       
820308846                       
814669577                       
815998912                       
827878224                       
853533480                       
887538368                       
923893559                       
953132472                       
969830286                       
971562119                       
961765929                       
947543657                       
936957409                       
937227712                       
949902724                       
973517168                       
999865529                       
1022285694                      
1031787691                      
1027651376                      
1009378585                      
986169509                       
963295908                       
951393270                       
950419751                       
962745064                       
978316074                       
993178466                       
995225373                       
985151842                       
958873545                       
927128932                       
892703893                       
868990371                       
854835184                       
855884149                       
860980590                       
868382352                       
863712615                       
848433272                       
815617588                       
776636313                       
732449150                       
698193988                       
672393837                       
663067883                       
658988775                       
659829642                       
650080281                       
631071242                       
594054725                       
549905486                       
498648682                       
455938290                       
420937245                       
402930845                       
391797062                       
387670056                       
375179728                       
354528848                       
316291661                       
269656858                       
214681435                       
166252972                       
125151264                       
100782568                       
85280767                        
78294928                        
65831997                        
46041229                        
9912373                         
-36130998                       
-91126447                       
-142113646                      
-185872144                      
-213887835                      
-230814353                      
-238262314                      
-247813662                      
-264069641                      
-294740842                      
-336979562                      
-388288161                      
-438518560                      
-481483630                      
-510297000                      
-525777757                      
-531264725                      
-535233571                      
-545377119                      
-567557470                      
-602923623                      
-647169275                      
-693454157                      
-732497980                      
-759398137                      
-770946936                      
-772287219                      
-768517572                      
-770335263                      
-781611467                      
-807459061                      
-841901189                      
-881456403                      
-914064844                      
-936744220                      
-942526929                      
-938020132                      
-925119815                      
-917003340                      
-915822091                      
-930169263                      
-952936146                      
-983619569                      
-1008108314                     
-1024883597                     
-1023908279                     
-1012541725                     
-990051021                      
-971190180                      
-957016446                      
-958736641                      
-968974474                      
-989469544                      
-1005112803                     
-1015087186                     
-1007301857                     
-988887160                      
-957348854                      
-927851658                      
-901224333                      
-890160850                      
-888080087                      
-898002645                      
-905061467                      
-908210799                      
-894502207                      
-869732980                      
-830662139                      
-791591874                      
-754075000                      
-731067408                      
-717882839                      
-717795665                      
-717439765                      
-714605084                      
-696692436                      
-667109264                      
-622860974                      
-576181717                      
-530219968                      
-497042374                      
-474824069                      
-466168875                      
-460315885                      
-453115265                      
-433364605                      
-401236867                      
-354793024                      
-303225631                      
-251914512                      
-211119682                      
-182557701                      
-167491310                      
-158565069                      
-149214325                      
-130380447                      
-98504422                       
-53197530                       
0                               
53197530                        
98504422                        
130380447                       
149214325                       
158565069                       
167491310                       
182557701                       
211119682                       
251914512                       
303225631                       
354793024                       
401236867                       
433364605                       
453115265                       
460315885                       
466168875                       
474824069                       
497042374                       
530219968                       
576181717                       
622860974                       
667109264                       
696692436                       
714605084                       
717439765                       
717795665                       
717882839                       
731067408                       
754075000                       
791591874                       
830662139                       
869732980                       
894502207                       
908210799                       
905061467                       
898002645                       
888080087                       
890160850                       
901224333                       
927851658                       
957348854                       
988887160                       
1007301857                      
1015087186                      
1005112803                      
989469544                       
968974474                       
958736641                       
957016446                       
971190180                       
990051021                       
1012541725                      
1023908279                      
1024883597                      
1008108314                      
983619569                       
952936146                       
930169263                       
915822091                       
917003340                       
925119815                       
938020132                       
942526929                       
936744220                       
914064844                       
881456403                       
841901189                       
807459061                       
781611467                       
770335263                       
768517572                       
772287219                       
770946936                       
759398137                       
732497980                       
693454157                       
647169275                       
602923623                       
567557470                       
545377119                       
535233571                       
531264725                       
525777757                       
510297000                       
481483630                       
438518560                       
388288161                       
336979562                       
294740842                       
264069641                       
247813662                       
238262314                       
230814353                       
213887835                       
185872144                       
142113646                       
91126447                        
36130998                        
-9912373                        
-46041229                       
-65831997                       
-78294928                       
-85280767                       
-100782568                      
-125151264                      
-166252972                      
-214681435                      
-269656858                      
-316291661                      
-354528848                      
-375179728                      
-387670056                      
-391797062                      
-402930845                      
-420937245                      
-455938290                      
-498648682                      
-549905486                      
-594054725                      
-631071242                      
-650080281                      
-659829642                      
-658988775                      
-663067883                      
-672393837                      
-698193988                      
-732449150                      
-776636313                      
-815617588                      
-848433272                      
-863712615                      
-868382352                      
-860980590                      
-855884149                      
-854835184                      
-868990371                      
-892703893                      
-927128932                      
-958873545                      
-985151842                      
-995225373                      
-993178466                      
-978316074                      
-962745064                      
-950419751                      
-951393270                      
-963295908                      
-986169509                      
-1009378585                     
-1027651376                     
-1031787691                     
-1022285694                     
-999865529                      
-973517168                      
-949902724                      
-937227712                      
-936957409                      
-947543657                      
-961765929                      
-971562119                      
-969830286                      
-953132472                      
-923893559                      
-887538368                      
-853533480                      
-827878224                      
-815998912                      
-814669577                      
-820308846                      
-822183081                      
-815434400                      
-792790790                      
-758260067                      
-713702810                      
-671050876                      
-634161804                      
-612090052                      
-600255343                      
-598489277                      
-593933611                      
-583701673                      
-557235598                      
-519606065                      
-469542253                      
-420695599                      
-375240139                      
-345106217                      
-325048708                      
-317685072                      
-308945435                      
-297285647                      
-269782957                      
-230229087                      
-175352201                      
-117966202                      
-60211362                       
-14628792                       
19184163                        
35550945                        
40645956                        
35003429                        
26570510                        
16538596                        
9467016                         
4157814                         
1501360                         
0                               
0                               
0                               
0                               
0                               
0                               
0                               
0                               
0                               
0                               
0                               
0                               
0                               
0                               
0                               
0                               
0                               
0                               
0                               
0                               
0                               
0                               
0                               
0                               
0                               
0                               
0                               
0                               
0                               
0                               
0                               
0                               
0                               
0                               
0                               
0                               
0                               
0                               
0                               
0                               
0                               
0                               
0                               
0                               
0                               
0                               
0                               
0                               
0                               
0                               
0                               
0                               
0                               
0                               
0                               
0                               
0                               
0                               
0                               
0                               
0                               
0                               
0                               
0                               
0                               
0                               
0                               
0                               
0                               
0                               
0                               
0                               
0                               
0                               
0                               
0                               
0                               
0                               
0                               
0                               
0                               
0                               
0                               
0                               
0                               
0                               
0                               
0                               
0                               
0                               
0                               
0                               
0                               
0                               
