96430000                        
96430000                        
96430000                        
96430000                        
96430000                        
96430000                        
96430000                        
96430000                        
96430000                        
96430000                        
96430000                        
96430000                        
96430000                        
96430000                        
96430000                        
96430000                        
96430000                        
96430000                        
96430000                        
96430000                        
96430000                        
96430000                        
96430000                        
96430000                        
96430000                        
96430000                        
96430000                        
96430000                        
96430000                        
96430000                        
96430000                        
96430000                        
96430000                        
96430000                        
96430000                        
96430000                        
89290000                        
41070000                        
-48210000                       
-96430000                       
-96430000                       
-96430000                       
-96430000                       
-96430000                       
-96430000                       
-96430000                       
-96430000                       
-96430000                       
-96430000                       
-96430000                       
-96430000                       
-96430000                       
-96430000                       
-96430000                       
-96430000                       
-96430000                       
-96430000                       
-96430000                       
-96430000                       
-96430000                       
-96430000                       
-96430000                       
-96430000                       
-96430000                       
-96430000                       
-96430000                       
-96430000                       
-96430000                       
-96430000                       
-96430000                       
-96430000                       
-96430000                       
-96430000                       
-96430000                       
-96430000                       
-96430000                       
-89290000                       
-41070000                       
48210000                        
96430000                        
96430000                        
96430000                        
96430000                        
96430000                        
96430000                        
96430000                        
96430000                        
96430000                        
96430000                        
96430000                        
96430000                        
96430000                        
96430000                        
96430000                        
96430000                        
96430000                        
96430000                        
96430000                        
96430000                        
96430000                        
96430000                        
96430000                        
96430000                        
96430000                        
96430000                        
96430000                        
96430000                        
96430000                        
96430000                        
96430000                        
96430000                        
96430000                        
96430000                        
96430000                        
96430000                        
96430000                        
89290000                        
41070000                        
-48210000                       
-96430000                       
-96430000                       
-96430000                       
-96430000                       
-96430000                       
-96430000                       
-96430000                       
-96430000                       
-96430000                       
-96430000                       
-96430000                       
-96430000                       
-96430000                       
-96430000                       
-96430000                       
-96430000                       
-96430000                       
-96430000                       
-96430000                       
-96430000                       
-96430000                       
-96430000                       
-96430000                       
-96430000                       
-96430000                       
-96430000                       
-96430000                       
-96430000                       
-96430000                       
-96430000                       
-96430000                       
-96430000                       
-96430000                       
-96430000                       
-96430000                       
-96430000                       
-96430000                       
-89290000                       
-41070000                       
48210000                        
96430000                        
96430000                        
96430000                        
96430000                        
96430000                        
96430000                        
96430000                        
96430000                        
96430000                        
96430000                        
96430000                        
96430000                        
96430000                        
96430000                        
96430000                        
96430000                        
96430000                        
96430000                        
96430000                        
96430000                        
96430000                        
96430000                        
96430000                        
96430000                        
96430000                        
96430000                        
96430000                        
96430000                        
96430000                        
96430000                        
96430000                        
96430000                        
96430000                        
96430000                        
96430000                        
96430000                        
96430000                        
89290000                        
41070000                        
-48210000                       
-96430000                       
-96430000                       
-96430000                       
-96430000                       
-96430000                       
-96430000                       
-96430000                       
-96430000                       
-96430000                       
-96430000                       
-96430000                       
-96430000                       
-96430000                       
-96430000                       
-96430000                       
-96430000                       
-96430000                       
-96430000                       
-96430000                       
-96430000                       
-96430000                       
-96430000                       
-96430000                       
-96430000                       
-96430000                       
-96430000                       
-96430000                       
-96430000                       
-96430000                       
-96430000                       
-96430000                       
-96430000                       
-96430000                       
-96430000                       
-96430000                       
-96430000                       
-96430000                       
-89290000                       
-41070000                       
48210000                        
96430000                        
96430000                        
96430000                        
96430000                        
96430000                        
96430000                        
96430000                        
96430000                        
96430000                        
96430000                        
96430000                        
96430000                        
96430000                        
96430000                        
96430000                        
96430000                        
96430000                        
96430000                        
96430000                        
96430000                        
96430000                        
96430000                        
96430000                        
96430000                        
96430000                        
96430000                        
96430000                        
96430000                        
96430000                        
96430000                        
96430000                        
96430000                        
96430000                        
96430000                        
96430000                        
96430000                        
96430000                        
89290000                        
41070000                        
-48210000                       
-96430000                       
-96430000                       
-96430000                       
-96430000                       
-96430000                       
-96430000                       
-96430000                       
-96430000                       
-96430000                       
-96430000                       
-96430000                       
-96430000                       
-96430000                       
-96430000                       
-96430000                       
-96430000                       
-96430000                       
-96430000                       
-96430000                       
-96430000                       
-96430000                       
-96430000                       
-96430000                       
-96430000                       
-96430000                       
-96430000                       
-96430000                       
-96430000                       
-96430000                       
-96430000                       
-96430000                       
-96430000                       
-96430000                       
-96430000                       
-96430000                       
-96430000                       
-96430000                       
-89290000                       
-41070000                       
48210000                        
96430000                        
96430000                        
96430000                        
96430000                        
96430000                        
96430000                        
96430000                        
96430000                        
96430000                        
96430000                        
96430000                        
96430000                        
96430000                        
96430000                        
96430000                        
96430000                        
96430000                        
96430000                        
96430000                        
96430000                        
96430000                        
96430000                        
96430000                        
96430000                        
96430000                        
96430000                        
96430000                        
96430000                        
96430000                        
96430000                        
96430000                        
96430000                        
96430000                        
96430000                        
96430000                        
96430000                        
96430000                        
89290000                        
41070000                        
-48210000                       
-96430000                       
-96430000                       
-96430000                       
-96430000                       
-96430000                       
-96430000                       
-96430000                       
-96430000                       
-96430000                       
-96430000                       
-96430000                       
-96430000                       
-96430000                       
-96430000                       
-96430000                       
-96430000                       
-96430000                       
-96430000                       
-96430000                       
-96430000                       
-96430000                       
-96430000                       
-96430000                       
-96430000                       
-96430000                       
-96430000                       
-96430000                       
-96430000                       
-96430000                       
-96430000                       
-96430000                       
-96430000                       
-96430000                       
-96430000                       
-96430000                       
-96430000                       
-89290000                       
-44640000                       
20530000                        
24110000                        
0                               
0                               
0                               
0                               
0                               
0                               
0                               
0                               
0                               
0                               
0                               
0                               
0                               
0                               
0                               
0                               
0                               
0                               
0                               
0                               
0                               
0                               
0                               
0                               
0                               
0                               
0                               
0                               
0                               
0                               
0                               
0                               
0                               
0                               
0                               
0                               
0                               
0                               
0                               
0                               
0                               
0                               
0                               
0                               
0                               
0                               
0                               
0                               
0                               
0                               
0                               
0                               
0                               
0                               
0                               
0                               
0                               
0                               
0                               
0                               
0                               
0                               
0                               
0                               
0                               
0                               
0                               
0                               
0                               
0                               
0                               
0                               
0                               
0                               
0                               
0                               
0                               
0                               
0                               
0                               
0                               
0                               
0                               
0                               
0                               
0                               
0                               
0                               
0                               
0                               
0                               
0                               
0                               
0                               
0                               
0                               
0                               
0                               
0                               
0                               
0                               
0                               
0                               
0                               
0                               
